0.000000000000000000e+00 2.489084000000000074e+00 3.951439999999999952e-01 1.038545000000000051e+00 2.537010000000000098e-01 2.066040000000000099e+00 3.588580000000000103e-01 1.498299999999999910e-01 5.365180000000000504e-01 3.953369999999999940e-01 1.124034999999999895e+00 2.768180000000000085e-01 1.177651000000000003e+00 9.698940000000000339e-01 4.250929999999999986e-01 4.727181999999999995e+00 2.139501000000000097e+00 2.547870000000000079e+00 1.807169999999999888e-01 2.189589999999999870e-01
2.489084000000000074e+00 0.000000000000000000e+00 6.255600000000000049e-02 3.498999999999999940e-03 1.105250999999999983e+00 5.692650000000000210e-01 6.405429999999999735e-01 3.206269999999999953e-01 1.326600000000000001e-02 5.940069999999999517e-01 8.936800000000000299e-01 5.287680000000000158e-01 7.538200000000000456e-02 8.480799999999999450e-02 5.345509999999999984e-01 2.784478000000000009e+00 1.143480000000000052e+00 1.959290999999999894e+00 6.701279999999999459e-01 1.165532000000000012e+00
3.951439999999999952e-01 6.255600000000000049e-02 0.000000000000000000e+00 5.243870000000000253e+00 1.741600000000000092e-02 8.449259999999999549e-01 9.271139999999999937e-01 1.068999999999999985e-02 2.829590000000000161e-01 1.507600000000000086e-02 2.554800000000000126e-02 5.076149000000000022e+00 3.944559999999999733e-01 5.233860000000000179e-01 1.239539999999999947e-01 1.240275000000000016e+00 4.258600000000000163e-01 3.796700000000000075e-02 2.988999999999999990e-02 1.351070000000000049e-01
1.038545000000000051e+00 3.498999999999999940e-03 5.243870000000000253e+00 0.000000000000000000e+00 1.881100000000000133e-02 3.488470000000000182e-01 4.238810000000000078e-01 4.426499999999999879e-02 1.807177000000000033e+00 6.967299999999999882e-02 1.737350000000000005e-01 5.417119999999999713e-01 4.194089999999999763e-01 4.128591000000000122e+00 3.639700000000000157e-01 6.119729999999999892e-01 6.045449999999999990e-01 2.450340000000000018e-01 7.785200000000000453e-02 1.200370000000000048e-01
2.537010000000000098e-01 1.105250999999999983e+00 1.741600000000000092e-02 1.881100000000000133e-02 0.000000000000000000e+00 8.958599999999999897e-02 6.821390000000000509e-01 1.112727000000000022e+00 2.391799999999999829e-02 2.592691999999999997e+00 1.798853000000000035e+00 8.952499999999999347e-02 9.446400000000000630e-02 3.585499999999999798e-02 5.272199999999999803e-02 3.618190000000000017e-01 1.650010000000000088e-01 6.546830000000000149e-01 2.457120999999999889e+00 7.803901999999999894e+00
2.066040000000000099e+00 5.692650000000000210e-01 8.449259999999999549e-01 3.488470000000000182e-01 8.958599999999999897e-02 0.000000000000000000e+00 3.114839999999999831e-01 8.704999999999999197e-03 2.966360000000000108e-01 4.426100000000000173e-02 1.395379999999999954e-01 1.437645000000000062e+00 1.969609999999999972e-01 2.679590000000000027e-01 3.901919999999999833e-01 1.739989999999999926e+00 1.298360000000000070e-01 7.670100000000000529e-02 2.684909999999999797e-01 5.467899999999999844e-02
3.588580000000000103e-01 6.405429999999999735e-01 9.271139999999999937e-01 4.238810000000000078e-01 6.821390000000000509e-01 3.114839999999999831e-01 0.000000000000000000e+00 1.088820000000000066e-01 6.972639999999999949e-01 3.663170000000000037e-01 4.424719999999999764e-01 4.509237999999999857e+00 5.088510000000000533e-01 4.813505000000000145e+00 2.426600999999999786e+00 9.900120000000000031e-01 5.842619999999999481e-01 1.190129999999999938e-01 5.970539999999999736e-01 5.306834000000000273e+00
1.498299999999999910e-01 3.206269999999999953e-01 1.068999999999999985e-02 4.426499999999999879e-02 1.112727000000000022e+00 8.704999999999999197e-03 1.088820000000000066e-01 0.000000000000000000e+00 1.590689999999999882e-01 4.145067000000000057e+00 4.273607000000000156e+00 1.915030000000000066e-01 7.828100000000000336e-02 7.285400000000000209e-02 1.269909999999999928e-01 6.410499999999999532e-02 1.033738999999999963e+00 6.491069999999999895e-01 1.116599999999999954e-01 2.325230000000000075e-01
5.365180000000000504e-01 1.326600000000000001e-02 2.829590000000000161e-01 1.807177000000000033e+00 2.391799999999999829e-02 2.966360000000000108e-01 6.972639999999999949e-01 1.590689999999999882e-01 0.000000000000000000e+00 1.375000000000000111e-01 6.566039999999999655e-01 2.145077999999999818e+00 3.903220000000000023e-01 3.234293999999999780e+00 6.326067000000000107e+00 7.486829999999999874e-01 1.136862999999999957e+00 1.852020000000000055e-01 4.990599999999999897e-02 1.319319999999999937e-01
3.953369999999999940e-01 5.940069999999999517e-01 1.507600000000000086e-02 6.967299999999999882e-02 2.592691999999999997e+00 4.426100000000000173e-02 3.663170000000000037e-01 4.145067000000000057e+00 1.375000000000000111e-01 0.000000000000000000e+00 6.312357999999999691e+00 6.842700000000000171e-02 2.490600000000000036e-01 5.824570000000000025e-01 3.018480000000000052e-01 1.822870000000000046e-01 3.029359999999999831e-01 1.702744999999999953e+00 6.196319999999999606e-01 2.996480000000000254e-01
1.124034999999999895e+00 8.936800000000000299e-01 2.554800000000000126e-02 1.737350000000000005e-01 1.798853000000000035e+00 1.395379999999999954e-01 4.424719999999999764e-01 4.273607000000000156e+00 6.566039999999999655e-01 6.312357999999999691e+00 0.000000000000000000e+00 3.710040000000000004e-01 9.984899999999999332e-02 1.672568999999999972e+00 4.841329999999999800e-01 3.469599999999999906e-01 2.020366000000000106e+00 1.898717999999999906e+00 6.961749999999999883e-01 4.813060000000000116e-01
2.768180000000000085e-01 5.287680000000000158e-01 5.076149000000000022e+00 5.417119999999999713e-01 8.952499999999999347e-02 1.437645000000000062e+00 4.509237999999999857e+00 1.915030000000000066e-01 2.145077999999999818e+00 6.842700000000000171e-02 3.710040000000000004e-01 0.000000000000000000e+00 1.617869999999999864e-01 1.695751999999999926e+00 7.518780000000000463e-01 4.008358000000000310e+00 2.000678999999999874e+00 8.368799999999999850e-02 4.537599999999999967e-02 6.120250000000000412e-01
1.177651000000000003e+00 7.538200000000000456e-02 3.944559999999999733e-01 4.194089999999999763e-01 9.446400000000000630e-02 1.969609999999999972e-01 5.088510000000000533e-01 7.828100000000000336e-02 3.903220000000000023e-01 2.490600000000000036e-01 9.984899999999999332e-02 1.617869999999999864e-01 0.000000000000000000e+00 6.242940000000000156e-01 3.325330000000000230e-01 1.338132000000000099e+00 5.714679999999999760e-01 2.965010000000000145e-01 9.513099999999999334e-02 8.961299999999999821e-02
9.698940000000000339e-01 8.480799999999999450e-02 5.233860000000000179e-01 4.128591000000000122e+00 3.585499999999999798e-02 2.679590000000000027e-01 4.813505000000000145e+00 7.285400000000000209e-02 3.234293999999999780e+00 5.824570000000000025e-01 1.672568999999999972e+00 1.695751999999999926e+00 6.242940000000000156e-01 0.000000000000000000e+00 2.807907999999999848e+00 1.223827999999999916e+00 1.080135999999999985e+00 2.103319999999999912e-01 2.361989999999999923e-01 2.573360000000000092e-01
4.250929999999999986e-01 5.345509999999999984e-01 1.239539999999999947e-01 3.639700000000000157e-01 5.272199999999999803e-02 3.901919999999999833e-01 2.426600999999999786e+00 1.269909999999999928e-01 6.326067000000000107e+00 3.018480000000000052e-01 4.841329999999999800e-01 7.518780000000000463e-01 3.325330000000000230e-01 2.807907999999999848e+00 0.000000000000000000e+00 8.581509999999999971e-01 5.789870000000000294e-01 1.708870000000000111e-01 5.936069999999999958e-01 3.144399999999999973e-01
4.727181999999999995e+00 2.784478000000000009e+00 1.240275000000000016e+00 6.119729999999999892e-01 3.618190000000000017e-01 1.739989999999999926e+00 9.900120000000000031e-01 6.410499999999999532e-02 7.486829999999999874e-01 1.822870000000000046e-01 3.469599999999999906e-01 4.008358000000000310e+00 1.338132000000000099e+00 1.223827999999999916e+00 8.581509999999999971e-01 0.000000000000000000e+00 6.472279000000000337e+00 9.836899999999999811e-02 2.488619999999999999e-01 4.005469999999999864e-01
2.139501000000000097e+00 1.143480000000000052e+00 4.258600000000000163e-01 6.045449999999999990e-01 1.650010000000000088e-01 1.298360000000000070e-01 5.842619999999999481e-01 1.033738999999999963e+00 1.136862999999999957e+00 3.029359999999999831e-01 2.020366000000000106e+00 2.000678999999999874e+00 5.714679999999999760e-01 1.080135999999999985e+00 5.789870000000000294e-01 6.472279000000000337e+00 0.000000000000000000e+00 2.188158000000000047e+00 1.408250000000000057e-01 2.458410000000000040e-01
2.547870000000000079e+00 1.959290999999999894e+00 3.796700000000000075e-02 2.450340000000000018e-01 6.546830000000000149e-01 7.670100000000000529e-02 1.190129999999999938e-01 6.491069999999999895e-01 1.852020000000000055e-01 1.702744999999999953e+00 1.898717999999999906e+00 8.368799999999999850e-02 2.965010000000000145e-01 2.103319999999999912e-01 1.708870000000000111e-01 9.836899999999999811e-02 2.188158000000000047e+00 0.000000000000000000e+00 1.895100000000000118e-01 2.493130000000000068e-01
1.807169999999999888e-01 6.701279999999999459e-01 2.988999999999999990e-02 7.785200000000000453e-02 2.457120999999999889e+00 2.684909999999999797e-01 5.970539999999999736e-01 1.116599999999999954e-01 4.990599999999999897e-02 6.196319999999999606e-01 6.961749999999999883e-01 4.537599999999999967e-02 9.513099999999999334e-02 2.361989999999999923e-01 5.936069999999999958e-01 2.488619999999999999e-01 1.408250000000000057e-01 1.895100000000000118e-01 0.000000000000000000e+00 3.151815000000000033e+00
2.189589999999999870e-01 1.165532000000000012e+00 1.351070000000000049e-01 1.200370000000000048e-01 7.803901999999999894e+00 5.467899999999999844e-02 5.306834000000000273e+00 2.325230000000000075e-01 1.319319999999999937e-01 2.996480000000000254e-01 4.813060000000000116e-01 6.120250000000000412e-01 8.961299999999999821e-02 2.573360000000000092e-01 3.144399999999999973e-01 4.005469999999999864e-01 2.458410000000000040e-01 2.493130000000000068e-01 3.151815000000000033e+00 0.000000000000000000e+00
