wag_freq = [0.0866279, 0.0193078, 0.0570451, 0.0580589, 0.0384319, 0.0832518, 0.0244313, 0.048466, 0.0620286, 0.086209, 0.0195027, 0.0390894, 0.0457631, 0.0367281, 0.043972, 0.0695179, 0.0610127, 0.0708956, 0.0143859, 0.0352742]
lg_freq  = [0.079066, 0.012937, 0.053052, 0.071586, 0.042302, 0.057337, 0.022355, 0.062157, 0.0646, 0.099081, 0.022951, 0.041977, 0.04404, 0.040767, 0.055941, 0.061197, 0.053287, 0.069147, 0.012066, 0.034155]
jtt_freq = [0.076862, 0.020279, 0.051269, 0.06182, 0.04053, 0.074714, 0.022983, 0.052569, 0.059498, 0.091111, 0.023414, 0.042546, 0.050532, 0.041061, 0.051057, 0.068225, 0.058518, 0.066374, 0.014336, 0.032303]