0.000000000000000000e+00 1.027039999999999953e+00 7.389980000000000437e-01 1.582850000000000090e+00 2.104939999999999867e-01 1.416719999999999979e+00 3.169540000000000135e-01 1.933350000000000068e-01 9.062649999999999872e-01 3.979150000000000187e-01 8.934959999999999569e-01 5.098479999999999679e-01 1.438549999999999995e+00 9.085980000000000167e-01 5.515710000000000335e-01 3.370789999999999953e+00 2.121109999999999829e+00 2.006009999999999849e+00 1.131329999999999975e-01 2.407350000000000045e-01
1.027039999999999953e+00 0.000000000000000000e+00 3.029489999999999961e-02 2.135199999999999945e-02 3.980199999999999849e-01 3.066740000000000022e-01 2.489719999999999989e-01 1.701350000000000084e-01 7.403389999999999971e-02 3.842869999999999897e-01 3.904819999999999958e-01 2.652559999999999918e-01 1.094040000000000012e-01 9.881790000000000018e-02 5.281909999999999661e-01 1.407659999999999911e+00 5.129839999999999955e-01 1.002140000000000031e+00 7.170699999999999852e-01 5.438330000000000108e-01
7.389980000000000437e-01 3.029489999999999961e-02 0.000000000000000000e+00 6.174159999999999648e+00 4.673039999999999833e-02 8.655840000000000201e-01 9.306759999999999478e-01 3.943699999999999983e-02 4.798549999999999760e-01 8.480469999999999675e-02 1.037539999999999990e-01 5.429420000000000357e+00 4.239840000000000275e-01 6.167829999999999702e-01 1.473039999999999905e-01 1.071760000000000046e+00 3.748659999999999770e-01 1.523349999999999982e-01 1.297669999999999935e-01 3.257109999999999728e-01
1.582850000000000090e+00 2.135199999999999945e-02 6.174159999999999648e+00 0.000000000000000000e+00 8.113389999999999491e-02 5.677170000000000272e-01 5.700250000000000039e-01 1.273950000000000082e-01 2.584429999999999783e+00 1.542630000000000112e-01 3.151240000000000152e-01 9.471979999999999844e-01 6.823550000000000448e-01 5.469470000000000276e+00 4.391570000000000196e-01 7.049389999999999823e-01 8.227649999999999686e-01 5.887310000000000043e-01 1.565570000000000017e-01 1.963030000000000053e-01
2.104939999999999867e-01 3.980199999999999849e-01 4.673039999999999833e-02 8.113389999999999491e-02 0.000000000000000000e+00 4.993100000000000316e-02 6.793709999999999471e-01 1.059469999999999912e+00 8.883599999999999830e-02 2.115169999999999995e+00 1.190630000000000077e+00 9.616210000000000035e-02 1.614440000000000042e-01 9.992080000000000406e-02 1.027109999999999967e-01 5.459310000000000551e-01 1.719030000000000002e-01 6.498920000000000252e-01 1.529640000000000111e+00 6.454279999999999795e+00
1.416719999999999979e+00 3.066740000000000022e-01 8.655840000000000201e-01 5.677170000000000272e-01 4.993100000000000316e-02 0.000000000000000000e+00 2.494099999999999928e-01 3.045010000000000078e-02 3.735580000000000012e-01 6.130370000000000263e-02 1.741000000000000048e-01 1.125559999999999894e+00 2.435700000000000087e-01 3.300520000000000120e-01 5.846649999999999903e-01 1.341820000000000013e+00 2.258330000000000060e-01 1.872469999999999968e-01 3.369829999999999770e-01 1.036040000000000016e-01
3.169540000000000135e-01 2.489719999999999989e-01 9.306759999999999478e-01 5.700250000000000039e-01 6.793709999999999471e-01 2.494099999999999928e-01 0.000000000000000000e+00 1.381900000000000073e-01 8.904320000000000013e-01 4.994620000000000171e-01 4.041409999999999725e-01 3.956290000000000084e+00 6.961979999999999835e-01 4.294109999999999872e+00 2.137150000000000105e+00 7.401689999999999658e-01 4.733069999999999777e-01 1.183580000000000049e-01 2.625689999999999968e-01 3.873439999999999994e+00
1.933350000000000068e-01 1.701350000000000084e-01 3.943699999999999983e-02 1.273950000000000082e-01 1.059469999999999912e+00 3.045010000000000078e-02 1.381900000000000073e-01 0.000000000000000000e+00 3.238320000000000087e-01 3.170970000000000066e+00 4.257460000000000022e+00 5.542359999999999509e-01 9.992879999999999818e-02 1.139170000000000044e-01 1.869790000000000063e-01 3.194400000000000017e-01 1.458159999999999901e+00 7.821299999999999919e+00 2.124830000000000052e-01 4.201699999999999879e-01
9.062649999999999872e-01 7.403389999999999971e-02 4.798549999999999760e-01 2.584429999999999783e+00 8.883599999999999830e-02 3.735580000000000012e-01 8.904320000000000013e-01 3.238320000000000087e-01 0.000000000000000000e+00 2.575549999999999784e-01 9.342759999999999954e-01 3.012010000000000076e+00 5.568959999999999466e-01 3.894899999999999807e+00 5.351420000000000066e+00 9.671300000000000452e-01 1.386980000000000102e+00 3.054339999999999833e-01 1.375049999999999883e-01 1.332639999999999936e-01
3.979150000000000187e-01 3.842869999999999897e-01 8.480469999999999675e-02 1.542630000000000112e-01 2.115169999999999995e+00 6.130370000000000263e-02 4.994620000000000171e-01 3.170970000000000066e+00 2.575549999999999784e-01 0.000000000000000000e+00 4.854020000000000223e+00 1.315280000000000060e-01 4.158439999999999914e-01 8.694889999999999564e-01 4.976709999999999745e-01 3.447390000000000176e-01 3.266220000000000234e-01 1.800340000000000051e+00 6.653090000000000392e-01 3.986179999999999723e-01
8.934959999999999569e-01 3.904819999999999958e-01 1.037539999999999990e-01 3.151240000000000152e-01 1.190630000000000077e+00 1.741000000000000048e-01 4.041409999999999725e-01 4.257460000000000022e+00 9.342759999999999954e-01 4.854020000000000223e+00 0.000000000000000000e+00 1.982210000000000083e-01 1.713290000000000091e-01 1.545260000000000078e+00 6.831620000000000470e-01 4.939049999999999829e-01 1.516119999999999912e+00 2.058450000000000113e+00 5.157059999999999977e-01 4.284370000000000123e-01
5.098479999999999679e-01 2.652559999999999918e-01 5.429420000000000357e+00 9.471979999999999844e-01 9.616210000000000035e-02 1.125559999999999894e+00 3.956290000000000084e+00 5.542359999999999509e-01 3.012010000000000076e+00 1.315280000000000060e-01 1.982210000000000083e-01 0.000000000000000000e+00 1.950810000000000044e-01 1.543639999999999901e+00 6.353459999999999663e-01 3.974229999999999929e+00 2.030060000000000198e+00 1.962460000000000038e-01 7.191670000000000007e-02 1.086000000000000076e+00
1.438549999999999995e+00 1.094040000000000012e-01 4.239840000000000275e-01 6.823550000000000448e-01 1.614440000000000042e-01 2.435700000000000087e-01 6.961979999999999835e-01 9.992879999999999818e-02 5.568959999999999466e-01 4.158439999999999914e-01 1.713290000000000091e-01 1.950810000000000044e-01 0.000000000000000000e+00 9.333719999999999795e-01 6.794890000000000096e-01 1.613280000000000047e+00 7.953839999999999799e-01 3.148869999999999725e-01 1.394050000000000011e-01 2.160459999999999881e-01
9.085980000000000167e-01 9.881790000000000018e-02 6.167829999999999702e-01 5.469470000000000276e+00 9.992080000000000406e-02 3.300520000000000120e-01 4.294109999999999872e+00 1.139170000000000044e-01 3.894899999999999807e+00 8.694889999999999564e-01 1.545260000000000078e+00 1.543639999999999901e+00 9.333719999999999795e-01 0.000000000000000000e+00 3.035499999999999865e+00 1.028869999999999951e+00 8.579280000000000239e-01 3.012810000000000210e-01 2.157370000000000121e-01 2.277099999999999957e-01
5.515710000000000335e-01 5.281909999999999661e-01 1.473039999999999905e-01 4.391570000000000196e-01 1.027109999999999967e-01 5.846649999999999903e-01 2.137150000000000105e+00 1.869790000000000063e-01 5.351420000000000066e+00 4.976709999999999745e-01 6.831620000000000470e-01 6.353459999999999663e-01 6.794890000000000096e-01 3.035499999999999865e+00 0.000000000000000000e+00 1.224189999999999889e+00 5.544130000000000447e-01 2.518489999999999895e-01 1.163920000000000066e+00 3.815330000000000110e-01
3.370789999999999953e+00 1.407659999999999911e+00 1.071760000000000046e+00 7.049389999999999823e-01 5.459310000000000551e-01 1.341820000000000013e+00 7.401689999999999658e-01 3.194400000000000017e-01 9.671300000000000452e-01 3.447390000000000176e-01 4.939049999999999829e-01 3.974229999999999929e+00 1.613280000000000047e+00 1.028869999999999951e+00 1.224189999999999889e+00 0.000000000000000000e+00 4.378020000000000245e+00 2.327390000000000014e-01 5.237420000000000408e-01 7.869930000000000536e-01
2.121109999999999829e+00 5.129839999999999955e-01 3.748659999999999770e-01 8.227649999999999686e-01 1.719030000000000002e-01 2.258330000000000060e-01 4.733069999999999777e-01 1.458159999999999901e+00 1.386980000000000102e+00 3.266220000000000234e-01 1.516119999999999912e+00 2.030060000000000198e+00 7.953839999999999799e-01 8.579280000000000239e-01 5.544130000000000447e-01 4.378020000000000245e+00 0.000000000000000000e+00 1.388230000000000075e+00 1.108640000000000042e-01 2.911480000000000179e-01
2.006009999999999849e+00 1.002140000000000031e+00 1.523349999999999982e-01 5.887310000000000043e-01 6.498920000000000252e-01 1.872469999999999968e-01 1.183580000000000049e-01 7.821299999999999919e+00 3.054339999999999833e-01 1.800340000000000051e+00 2.058450000000000113e+00 1.962460000000000038e-01 3.148869999999999725e-01 3.012810000000000210e-01 2.518489999999999895e-01 2.327390000000000014e-01 1.388230000000000075e+00 0.000000000000000000e+00 3.653689999999999993e-01 3.147300000000000098e-01
1.131329999999999975e-01 7.170699999999999852e-01 1.297669999999999935e-01 1.565570000000000017e-01 1.529640000000000111e+00 3.369829999999999770e-01 2.625689999999999968e-01 2.124830000000000052e-01 1.375049999999999883e-01 6.653090000000000392e-01 5.157059999999999977e-01 7.191670000000000007e-02 1.394050000000000011e-01 2.157370000000000121e-01 1.163920000000000066e+00 5.237420000000000408e-01 1.108640000000000042e-01 3.653689999999999993e-01 0.000000000000000000e+00 2.485390000000000210e+00
2.407350000000000045e-01 5.438330000000000108e-01 3.257109999999999728e-01 1.963030000000000053e-01 6.454279999999999795e+00 1.036040000000000016e-01 3.873439999999999994e+00 4.201699999999999879e-01 1.332639999999999936e-01 3.986179999999999723e-01 4.284370000000000123e-01 1.086000000000000076e+00 2.160459999999999881e-01 2.277099999999999957e-01 3.815330000000000110e-01 7.869930000000000536e-01 2.911480000000000179e-01 3.147300000000000098e-01 2.485390000000000210e+00 0.000000000000000000e+00
