ab_freqs = [0.06541704, 0.02150693, 0.04688141, 0.02842211, 0.03478555, 0.1005278, 0.009812606, 0.03424424, 0.04844488, 0.06222565, 0.0176037, 0.03168984, 0.03962469, 0.04240711, 0.04708366, 0.1280566, 0.08199314, 0.04948141, 0.03393045, 0.07586119]
ab_matrix = [[0.0, 0.008929181, 1.241095, 0.9521821, 0.1130146, 1.851951, 5.241316, 0.1140412, 0.07388355, 0.06969101, 0.06299271, 0.0929129, 1.800713, 0.1992269, 0.1784266, 0.9988358, 2.912317, 3.774477, 0.07939549, 0.1433528], [0.008929181, 0.0, 0.02340019, 7.519215e-11, 0.1993818, 0.05891123, 3.963388, 0.0006594967, 3.722878e-16, 0.006079219, 0.007213178, 1.374268e-06, 0.004878395, 1.046446e-08, 0.1821885, 0.2639482, 3.225214e-06, 0.02243512, 0.4440833, 0.7741612], [1.241095, 0.02340019, 0.0, 7.426619, 0.1031734, 2.1124, 11.26995, 0.03916999, 0.06622772, 0.03020502, 0.03357577, 7.185182, 0.1509482, 0.1843856, 0.05795374, 0.5822988, 0.1516881, 0.4076074, 0.01423897, 0.9078338], [0.9521821, 7.519215e-11, 7.426619, 0.0, 0.05288625, 1.38937, 7.29808, 0.0001029959, 3.608816, 0.001283121, 0.07659566, 0.5038373, 0.02889815, 3.691671, 0.06273863, 0.06776709, 0.06016624, 0.5795409, 0.02252612, 0.1240642], [0.1130146, 0.1993818, 0.1031734, 0.05288625, 0.0, 0.1984772, 5.642309, 2.714705, 0.004649035, 3.390618, 3.94794, 0.1955446, 0.3556198, 0.00149661, 0.08208677, 0.9813064, 0.03674486, 1.643946, 0.2199856, 7.074464], [1.851951, 0.05891123, 2.1124, 1.38937, 0.1984772, 0.0, 9.139518, 0.03560482, 0.055044, 0.02157936, 0.02187264, 0.4868901, 0.07915056, 0.0551634, 1.0894, 0.9984215, 0.07862767, 0.42282, 0.1386853, 0.2295842], [5.241316, 3.963388, 11.26995, 7.29808, 5.642309, 9.139518, 0.0, 4.706586, 1.455741, 5.879103, 2.298295, 14.05444, 10.49496, 8.908434, 10.4955, 5.439116, 3.443285, 6.890244, 7.01389, 20.55414], [0.1140412, 0.0006594967, 0.03916999, 0.0001029959, 2.714705, 0.03560482, 4.706586, 0.0, 0.5059793, 1.601123, 10.96748, 1.762721, 0.05016568, 6.712736e-06, 0.3245175, 0.6007607, 3.087152, 7.926675, 0.06318748, 0.2903165], [0.07388355, 3.722878e-16, 0.06622772, 3.608816, 0.004649035, 0.055044, 1.455741, 0.5059793, 0.0, 0.02158451, 1.238634, 6.190318, 0.009948994, 3.030805, 7.54924, 0.08688405, 1.039298, 0.0349344, 0.008024263, 0.07109973], [0.06969101, 0.006079219, 0.03020502, 0.001283121, 3.390618, 0.02157936, 5.879103, 1.601123, 0.02158451, 0.0, 5.647985, 0.02769442, 1.149931, 0.6802781, 0.3932002, 0.1580539, 0.5702792, 3.59531, 0.3378544, 0.152132], [0.06299271, 0.007213178, 0.03357577, 0.07659566, 3.94794, 0.02187264, 2.298295, 10.96748, 1.238634, 5.647985, 0.0, 0.03972173, 0.07417279, 0.001233336, 0.3362326, 0.01861354, 1.415612, 4.39672, 0.1011149, 0.002246759], [0.0929129, 1.374268e-06, 7.185182, 0.5038373, 0.1955446, 0.4868901, 14.05444, 1.762721, 6.190318, 0.02769442, 0.03972173, 0.0, 0.007342554, 0.08705989, 0.782913, 7.348346, 2.147175, 0.04931206, 0.0007310937, 2.622763], [1.800713, 0.004878395, 0.1509482, 0.02889815, 0.3556198, 0.07915056, 10.49496, 0.05016568, 0.009948994, 1.149931, 0.07417279, 0.007342554, 0.0, 0.7426909, 0.3498713, 1.284651, 0.9057112, 0.2217442, 0.005516074, 0.1992133], [0.1992269, 1.046446e-08, 0.1843856, 3.691671, 0.00149661, 0.0551634, 8.908434, 6.712736e-06, 3.030805, 0.6802781, 0.001233336, 0.08705989, 0.7426909, 0.0, 1.923901, 0.0005906405, 0.1202094, 0.009047737, 4.332983e-05, 0.02737091], [0.1784266, 0.1821885, 0.05795374, 0.06273863, 0.08208677, 1.0894, 10.4955, 0.3245175, 7.54924, 0.3932002, 0.3362326, 0.782913, 0.3498713, 1.923901, 0.0, 1.926435, 1.135258, 0.1366145, 0.5724286, 0.1711315], [0.9988358, 0.2639482, 0.5822988, 0.06776709, 0.9813064, 0.9984215, 5.439116, 0.6007607, 0.08688405, 0.1580539, 0.01861354, 7.348346, 1.284651, 0.0005906405, 1.926435, 0.0, 3.058575, 0.07477041, 0.1385142, 0.8104751], [2.912317, 3.225214e-06, 0.1516881, 0.06016624, 0.03674486, 0.07862767, 3.443285, 3.087152, 1.039298, 0.5702792, 1.415612, 2.147175, 0.9057112, 0.1202094, 1.135258, 3.058575, 0.0, 0.2166054, 0.01412361, 0.09984255], [3.774477, 0.02243512, 0.4076074, 0.5795409, 1.643946, 0.42282, 6.890244, 7.926675, 0.0349344, 3.59531, 4.39672, 0.04931206, 0.2217442, 0.009047737, 0.1366145, 0.07477041, 0.2166054, 0.0, 0.09663569, 0.5010635], [0.07939549, 0.4440833, 0.01423897, 0.02252612, 0.2199856, 0.1386853, 7.01389, 0.06318748, 0.008024263, 0.3378544, 0.1011149, 0.0007310937, 0.005516074, 4.332983e-05, 0.5724286, 0.1385142, 0.01412361, 0.09663569, 0.0, 0.6121284], [0.1433528, 0.7741612, 0.9078338, 0.1240642, 7.074464, 0.2295842, 20.55414, 0.2903165, 0.07109973, 0.152132, 0.002246759, 2.622763, 0.1992133, 0.02737091, 0.1711315, 0.8104751, 0.09984255, 0.5010635, 0.6121284, 0.0]]


blosum62_freqs = [0.074, 0.025, 0.054, 0.054, 0.047, 0.074, 0.026, 0.068, 0.058, 0.099, 0.025, 0.045, 0.039, 0.034, 0.052, 0.057, 0.051, 0.073, 0.013, 0.032]
blosum62_matrix = [[0.0, 1.45999531047, 0.543161820899, 1.1709490428, 0.492964679748, 1.95588357496, 0.716241444998, 0.605899003687, 1.295201266783, 0.800016530518, 1.253758266664, 0.485391055466, 1.173275900924, 1.199705704602, 0.735790389698, 4.325092687057, 1.729178019485, 2.187774522005, 0.465839367725, 0.718206697586], [1.45999531047, 0.0, 0.240836614802, 0.140748891814, 0.441337471187, 0.418203192284, 0.354058109831, 0.774894022794, 0.285078800906, 0.831842640142, 0.76768882348, 0.397358949897, 0.356008498769, 0.32980150463, 0.227826574209, 1.197188415094, 1.119831358516, 1.116352478606, 0.527664418872, 0.470237733696], [0.543161820899, 0.240836614802, 0.0, 3.761625208368, 0.281730694207, 0.798473248968, 0.778142664022, 0.418555732462, 1.032447924952, 0.218131577594, 0.222621897958, 3.180100048216, 0.730628272998, 1.190945703396, 0.500964408555, 1.582754142065, 0.934187509431, 0.258129289418, 0.145345046279, 0.261422208965], [1.1709490428, 0.140748891814, 3.761625208368, 0.0, 0.291409084165, 0.423579992176, 1.626891056982, 0.186848046932, 2.802427151679, 0.372625175087, 0.55541539747, 1.24048850864, 0.926563934846, 5.528919177928, 1.36057419042, 1.769893238937, 1.071097236007, 0.524253846338, 0.407635648938, 0.596719300346], [0.492964679748, 0.441337471187, 0.281730694207, 0.291409084165, 0.0, 0.368166464453, 0.714533703928, 1.517359325954, 0.266924750511, 2.064839703237, 1.77385516883, 0.354861249223, 0.233597909629, 0.14435695975, 0.371644693209, 0.540027644824, 0.488206118793, 0.838119610178, 2.074324893497, 6.747260430801], [1.95588357496, 0.418203192284, 0.798473248968, 0.423579992176, 0.368166464453, 0.0, 0.539859124954, 0.189296292376, 0.752042440303, 0.217721159236, 0.459436173579, 1.355872344485, 0.504086599527, 0.609846305383, 0.418763308518, 1.509326253224, 0.641436011405, 0.25334079019, 0.508358924638, 0.308055737035], [0.716241444998, 0.354058109831, 0.778142664022, 1.626891056982, 0.714533703928, 0.539859124954, 0.0, 0.252718447885, 1.022507035889, 0.348072209797, 0.984311525359, 2.414501434208, 0.527007339151, 2.43534113114, 1.456141166336, 1.11702976291, 0.585407090225, 0.20155597175, 0.30124860078, 4.218953969389], [0.605899003687, 0.774894022794, 0.418555732462, 0.186848046932, 1.517359325954, 0.189296292376, 0.252718447885, 0.0, 0.406193586642, 3.890963773304, 3.364797763104, 0.283017326278, 0.388355409206, 0.236202451204, 0.232036445142, 0.35754441246, 1.17909119726, 8.311839405458, 0.34198578754, 0.674617093228], [1.295201266783, 0.285078800906, 1.032447924952, 2.802427151679, 0.266924750511, 0.752042440303, 1.022507035889, 0.406193586642, 0.0, 0.445570274261, 1.073061184332, 1.593137043457, 1.047383450722, 3.945277674515, 5.411115141489, 1.752165917819, 1.303875200799, 0.498138475304, 0.332243040634, 0.7179934869], [0.800016530518, 0.831842640142, 0.218131577594, 0.372625175087, 2.064839703237, 0.217721159236, 0.348072209797, 3.890963773304, 0.445570274261, 0.0, 6.030559379572, 0.211888159615, 0.374555687471, 0.580737093181, 0.622711669692, 0.352969184527, 0.915259857694, 2.231405688913, 0.6914746346, 0.811245856323], [1.253758266664, 0.76768882348, 0.222621897958, 0.55541539747, 1.77385516883, 0.459436173579, 0.984311525359, 3.364797763104, 1.073061184332, 6.030559379572, 0.0, 0.648441278787, 0.454123625103, 2.494896077113, 0.983692987457, 0.918723415746, 1.488548053722, 2.575850755315, 0.888101098152, 0.951682162246], [0.485391055466, 0.397358949897, 3.180100048216, 1.24048850864, 0.354861249223, 1.355872344485, 2.414501434208, 0.283017326278, 1.593137043457, 0.211888159615, 0.648441278787, 0.0, 0.494887043702, 1.839216146992, 1.297446705134, 2.904101656456, 1.898173634533, 0.312858797993, 0.191482046247, 0.538222519037], [1.173275900924, 0.356008498769, 0.730628272998, 0.926563934846, 0.233597909629, 0.504086599527, 0.527007339151, 0.388355409206, 1.047383450722, 0.374555687471, 0.454123625103, 0.494887043702, 0.0, 0.858570575674, 0.448133661718, 1.169129577716, 1.005451683149, 0.496908410676, 0.252214830027, 0.369405319355], [1.199705704602, 0.32980150463, 1.190945703396, 5.528919177928, 0.14435695975, 0.609846305383, 2.43534113114, 0.236202451204, 3.945277674515, 0.580737093181, 2.494896077113, 1.839216146992, 0.858570575674, 0.0, 3.020833610064, 1.934870924596, 1.277480294596, 0.530785790125, 0.758653808642, 0.95898974285], [0.735790389698, 0.227826574209, 0.500964408555, 1.36057419042, 0.371644693209, 0.418763308518, 1.456141166336, 0.232036445142, 5.411115141489, 0.622711669692, 0.983692987457, 1.297446705134, 0.448133661718, 3.020833610064, 0.0, 1.12278310421, 0.914665954563, 0.438388343772, 0.426382310122, 0.720517441216], [4.325092687057, 1.197188415094, 1.582754142065, 1.769893238937, 0.540027644824, 1.509326253224, 1.11702976291, 0.35754441246, 1.752165917819, 0.352969184527, 0.918723415746, 2.904101656456, 1.169129577716, 1.934870924596, 1.12278310421, 0.0, 5.15155629227, 0.561925457442, 0.387925622098, 0.796751520761], [1.729178019485, 1.119831358516, 0.934187509431, 1.071097236007, 0.488206118793, 0.641436011405, 0.585407090225, 1.17909119726, 1.303875200799, 0.915259857694, 1.488548053722, 1.898173634533, 1.005451683149, 1.277480294596, 0.914665954563, 5.15155629227, 0.0, 2.253074051176, 0.513128126891, 0.801010243199], [2.187774522005, 1.116352478606, 0.258129289418, 0.524253846338, 0.838119610178, 0.25334079019, 0.20155597175, 8.311839405458, 0.498138475304, 2.231405688913, 2.575850755315, 0.312858797993, 0.496908410676, 0.530785790125, 0.438388343772, 0.561925457442, 2.253074051176, 0.0, 0.266508731426, 1.0], [0.465839367725, 0.527664418872, 0.145345046279, 0.407635648938, 2.074324893497, 0.508358924638, 0.30124860078, 0.34198578754, 0.332243040634, 0.6914746346, 0.888101098152, 0.191482046247, 0.252214830027, 0.758653808642, 0.426382310122, 0.387925622098, 0.513128126891, 0.266508731426, 0.0, 4.054419006558], [0.718206697586, 0.470237733696, 0.261422208965, 0.596719300346, 6.747260430801, 0.308055737035, 4.218953969389, 0.674617093228, 0.7179934869, 0.811245856323, 0.951682162246, 0.538222519037, 0.369405319355, 0.95898974285, 0.720517441216, 0.796751520761, 0.801010243199, 1.0, 4.054419006558, 0.0]]


dayhoff_freqs = [0.08712691, 0.03347397, 0.04687195, 0.04952995, 0.03977196, 0.08861191, 0.03361897, 0.03688596, 0.08048092, 0.08535691, 0.01475299, 0.04043196, 0.05067995, 0.03825496, 0.04090396, 0.06957693, 0.05854194, 0.06471794, 0.01049399, 0.02991597]
dayhoff_matrix = [[0.0, 36.0, 120.0, 198.0, 18.0, 240.0, 23.0, 65.0, 26.0, 41.0, 72.0, 98.0, 250.0, 89.0, 27.0, 409.0, 371.0, 208.0, 0.0, 24.0], [36.0, 0.0, 0.0, 0.0, 0.0, 11.0, 28.0, 44.0, 0.0, 0.0, 0.0, 0.0, 19.0, 0.0, 23.0, 161.0, 16.0, 49.0, 0.0, 96.0], [120.0, 0.0, 0.0, 1153.0, 0.0, 125.0, 86.0, 24.0, 71.0, 0.0, 0.0, 905.0, 13.0, 134.0, 0.0, 95.0, 66.0, 18.0, 0.0, 0.0], [198.0, 0.0, 1153.0, 0.0, 0.0, 81.0, 43.0, 61.0, 83.0, 11.0, 30.0, 148.0, 51.0, 716.0, 1.0, 79.0, 34.0, 37.0, 0.0, 22.0], [18.0, 0.0, 0.0, 0.0, 0.0, 15.0, 48.0, 196.0, 0.0, 157.0, 92.0, 14.0, 11.0, 0.0, 14.0, 46.0, 13.0, 12.0, 76.0, 698.0], [240.0, 11.0, 125.0, 81.0, 15.0, 0.0, 10.0, 0.0, 27.0, 7.0, 17.0, 139.0, 34.0, 28.0, 9.0, 234.0, 30.0, 54.0, 0.0, 0.0], [23.0, 28.0, 86.0, 43.0, 48.0, 10.0, 0.0, 7.0, 26.0, 44.0, 0.0, 535.0, 94.0, 606.0, 240.0, 35.0, 22.0, 44.0, 27.0, 127.0], [65.0, 44.0, 24.0, 61.0, 196.0, 0.0, 7.0, 0.0, 46.0, 257.0, 336.0, 77.0, 12.0, 18.0, 64.0, 24.0, 192.0, 889.0, 0.0, 37.0], [26.0, 0.0, 71.0, 83.0, 0.0, 27.0, 26.0, 46.0, 0.0, 18.0, 243.0, 318.0, 33.0, 153.0, 464.0, 96.0, 136.0, 10.0, 0.0, 13.0], [41.0, 0.0, 0.0, 11.0, 157.0, 7.0, 44.0, 257.0, 18.0, 0.0, 527.0, 34.0, 32.0, 73.0, 15.0, 17.0, 33.0, 175.0, 46.0, 28.0], [72.0, 0.0, 0.0, 30.0, 92.0, 17.0, 0.0, 336.0, 243.0, 527.0, 0.0, 1.0, 17.0, 114.0, 90.0, 62.0, 104.0, 258.0, 0.0, 0.0], [98.0, 0.0, 905.0, 148.0, 14.0, 139.0, 535.0, 77.0, 318.0, 34.0, 1.0, 0.0, 42.0, 103.0, 32.0, 495.0, 229.0, 15.0, 23.0, 95.0], [250.0, 19.0, 13.0, 51.0, 11.0, 34.0, 94.0, 12.0, 33.0, 32.0, 17.0, 42.0, 0.0, 153.0, 103.0, 245.0, 78.0, 48.0, 0.0, 0.0], [89.0, 0.0, 134.0, 716.0, 0.0, 28.0, 606.0, 18.0, 153.0, 73.0, 114.0, 103.0, 153.0, 0.0, 246.0, 56.0, 53.0, 35.0, 0.0, 0.0], [27.0, 23.0, 0.0, 1.0, 14.0, 9.0, 240.0, 64.0, 464.0, 15.0, 90.0, 32.0, 103.0, 246.0, 0.0, 154.0, 26.0, 24.0, 201.0, 8.0], [409.0, 161.0, 95.0, 79.0, 46.0, 234.0, 35.0, 24.0, 96.0, 17.0, 62.0, 495.0, 245.0, 56.0, 154.0, 0.0, 550.0, 30.0, 75.0, 34.0], [371.0, 16.0, 66.0, 34.0, 13.0, 30.0, 22.0, 192.0, 136.0, 33.0, 104.0, 229.0, 78.0, 53.0, 26.0, 550.0, 0.0, 157.0, 0.0, 42.0], [208.0, 49.0, 18.0, 37.0, 12.0, 54.0, 44.0, 889.0, 10.0, 175.0, 258.0, 15.0, 48.0, 35.0, 24.0, 30.0, 157.0, 0.0, 0.0, 28.0], [0.0, 0.0, 0.0, 0.0, 76.0, 0.0, 27.0, 0.0, 0.0, 46.0, 0.0, 23.0, 0.0, 0.0, 201.0, 75.0, 0.0, 0.0, 0.0, 61.0], [24.0, 96.0, 0.0, 22.0, 698.0, 0.0, 127.0, 37.0, 13.0, 28.0, 0.0, 95.0, 0.0, 0.0, 8.0, 34.0, 42.0, 28.0, 61.0, 0.0]]


dayhoffdcmut_freqs = [0.08712691287308712, 0.03347396652603347, 0.046871953128046866, 0.04952995047004952, 0.03977196022803977, 0.08861191138808859, 0.033618966381033615, 0.036885963114036885, 0.08048091951908047, 0.08535691464308534, 0.014752985247014752, 0.04043195956804043, 0.050679949320050675, 0.03825496174503825, 0.0409039590960409, 0.06957693042306956, 0.05854194145805853, 0.06471793528206471, 0.010493989506010493, 0.029915970084029915]
dayhoffdcmut_matrix = [[0.0, 0.360016, 1.199805, 1.961167, 0.183641, 2.386111, 0.228116, 0.653416, 0.258635, 0.406431, 0.71784, 0.984474, 2.48592, 0.887753, 0.267828, 4.05187, 3.680365, 2.059564, 0.0, 0.244139], [0.360016, 0.0, 0.0, 0.0, 0.0, 0.107278, 0.282729, 0.438074, 0.0, 0.0, 0.0, 0.0, 0.18755, 0.0, 0.232374, 1.598356, 0.162366, 0.484678, 0.0, 0.953164], [1.199805, 0.0, 0.0, 11.388659, 0.0, 1.240981, 0.868241, 0.239248, 0.716913, 0.0, 0.0, 8.931515, 0.13394, 1.348551, 0.0, 0.956097, 0.66093, 0.178316, 0.0, 0.0], [1.961167, 0.0, 11.388659, 0.0, 0.0, 0.811907, 0.439469, 0.609526, 0.830078, 0.11288, 0.304803, 1.493409, 0.507003, 7.086022, 0.0, 0.793999, 0.340156, 0.36725, 0.0, 0.214717], [0.183641, 0.0, 0.0, 0.0, 0.0, 0.153478, 0.475927, 1.951951, 0.0, 1.56516, 0.92186, 0.138503, 0.110506, 0.0, 0.136906, 0.459901, 0.136655, 0.123606, 0.762354, 6.952629], [2.386111, 0.107278, 1.240981, 0.811907, 0.153478, 0.0, 0.106802, 0.0, 0.267683, 0.071514, 0.170372, 1.385352, 0.347153, 0.281581, 0.087791, 2.322243, 0.306662, 0.538165, 0.0, 0.0], [0.228116, 0.282729, 0.868241, 0.439469, 0.475927, 0.106802, 0.0, 0.076981, 0.270475, 0.443504, 0.0, 5.290024, 0.933709, 6.011613, 2.383148, 0.353643, 0.226333, 0.438715, 0.270564, 1.2654], [0.653416, 0.438074, 0.239248, 0.609526, 1.951951, 0.0, 0.076981, 0.0, 0.460857, 2.556685, 3.332732, 0.768024, 0.119152, 0.180393, 0.632629, 0.247955, 1.900739, 8.810038, 0.0, 0.374834], [0.258635, 0.0, 0.716913, 0.830078, 0.0, 0.267683, 0.270475, 0.460857, 0.0, 0.180629, 2.411739, 3.148371, 0.335419, 1.519078, 4.610124, 0.954557, 1.350599, 0.10385, 0.0, 0.132142], [0.406431, 0.0, 0.0, 0.11288, 1.56516, 0.071514, 0.443504, 2.556685, 0.180629, 0.0, 5.230115, 0.341113, 0.316258, 0.730772, 0.154924, 0.171432, 0.33109, 1.745156, 0.461776, 0.286572], [0.71784, 0.0, 0.0, 0.304803, 0.92186, 0.170372, 0.0, 3.332732, 2.411739, 5.230115, 0.0, 0.0, 0.170205, 1.127499, 0.896321, 0.619951, 1.031534, 2.565955, 0.0, 0.0], [0.984474, 0.0, 8.931515, 1.493409, 0.138503, 1.385352, 5.290024, 0.768024, 3.148371, 0.341113, 0.0, 0.0, 0.419244, 1.028509, 0.327059, 4.885892, 2.271697, 0.158067, 0.224968, 0.94694], [2.48592, 0.18755, 0.13394, 0.507003, 0.110506, 0.347153, 0.933709, 0.119152, 0.335419, 0.316258, 0.170205, 0.419244, 0.0, 1.526188, 1.028313, 2.427202, 0.782857, 0.485026, 0.0, 0.0], [0.887753, 0.0, 1.348551, 7.086022, 0.0, 0.281581, 6.011613, 0.180393, 1.519078, 0.730772, 1.127499, 1.028509, 1.526188, 0.0, 2.439939, 0.561828, 0.525651, 0.346983, 0.0, 0.0], [0.267828, 0.232374, 0.0, 0.0, 0.136906, 0.087791, 2.383148, 0.632629, 4.610124, 0.154924, 0.896321, 0.327059, 1.028313, 2.439939, 0.0, 1.53159, 0.265745, 0.240368, 2.001375, 0.078012], [4.05187, 1.598356, 0.956097, 0.793999, 0.459901, 2.322243, 0.353643, 0.247955, 0.954557, 0.171432, 0.619951, 4.885892, 2.427202, 0.561828, 1.53159, 0.0, 5.436674, 0.303836, 0.740819, 0.336289], [3.680365, 0.162366, 0.66093, 0.340156, 0.136655, 0.306662, 0.226333, 1.900739, 1.350599, 0.33109, 1.031534, 2.271697, 0.782857, 0.525651, 0.265745, 5.436674, 0.0, 1.561997, 0.0, 0.417839], [2.059564, 0.484678, 0.178316, 0.36725, 0.123606, 0.538165, 0.438715, 8.810038, 0.10385, 1.745156, 2.565955, 0.158067, 0.485026, 0.346983, 0.240368, 0.303836, 1.561997, 0.0, 0.0, 0.279379], [0.0, 0.0, 0.0, 0.0, 0.762354, 0.0, 0.270564, 0.0, 0.0, 0.461776, 0.0, 0.224968, 0.0, 0.0, 2.001375, 0.740819, 0.0, 0.0, 0.0, 0.60807], [0.244139, 0.953164, 0.0, 0.214717, 6.952629, 0.0, 1.2654, 0.374834, 0.132142, 0.286572, 0.0, 0.94694, 0.0, 0.0, 0.078012, 0.336289, 0.417839, 0.279379, 0.60807, 0.0]]


flu_freqs = [0.04707195, 0.02502197, 0.04785995, 0.05458695, 0.03049597, 0.07637292, 0.01996398, 0.06713393, 0.05678494, 0.07149793, 0.01815098, 0.07421393, 0.05065595, 0.03330397, 0.05090995, 0.08840891, 0.07433893, 0.06322894, 0.01852398, 0.03147397]
flu_matrix = [[0.0, 0.026447095, 0.584852306, 1.484234503, 0.080490909, 1.132313122, 0.214757862, 0.149926734, 0.47433361, 0.023116952, 0.058745423, 0.053366579, 0.659311478, 0.353753982, 0.138658765, 3.011344519, 5.418298175, 3.53200527, 0.196, 0.018289288], [0.026447095, 0.0, 0.0141, 0.0, 0.104053666, 0.116941459, 0.0218, 0.001112158, 3.83e-06, 0.005613627, 0.11145731, 1.3e-05, 0.0, 0.002547334, 0.167207008, 0.336263345, 0.011975266, 0.054904564, 0.09410668, 0.601692431], [0.584852306, 0.0141, 0.0, 5.370511279, 1.06e-06, 1.934832784, 0.887570549, 0.014085917, 0.29004298, 0.005730682, 0.041762964, 7.737392871, 0.188539456, 0.145469388, 0.006771843, 0.338372183, 0.135481233, 0.297123975, 1.49e-05, 0.525398543], [1.484234503, 0.0, 5.370511279, 0.0, 0.001003501, 1.593098825, 0.256491863, 0.0142, 3.881488809, 0.016499536, 0.313974351, 0.061652192, 0.319558828, 1.195629122, 0.124897617, 0.307140298, 0.280124895, 0.285047948, 0.155245492, 0.10409287], [0.080490909, 0.104053666, 1.06e-06, 0.001003501, 0.0, 0.001236645, 0.119028506, 1.463357278, 0.32, 2.986800036, 0.279910509, 0.000836, 0.00713243, 0.032680657, 0.0161, 0.99668567, 0.000134906, 0.592587985, 0.814753094, 5.393924245], [1.132313122, 0.116941459, 1.934832784, 1.593098825, 0.001236645, 0.0, 0.058774527, 1.63e-05, 0.264148929, 0.006516229, 0.001500467, 0.322524648, 0.038631761, 0.108051341, 1.190624465, 1.585646577, 0.01880803, 0.337229619, 0.196486447, 0.074814997], [0.214757862, 0.0218, 0.887570549, 0.256491863, 0.119028506, 0.058774527, 0.0, 0.243190142, 0.347302791, 0.321611694, 0.001273509, 1.387096032, 0.924466914, 5.330313412, 1.879569938, 0.58070425, 0.368713573, 0.098631355, 0.0224, 6.448954446], [0.149926734, 0.001112158, 0.014085917, 0.0142, 1.463357278, 1.63e-05, 0.243190142, 0.0, 0.227707997, 3.512072282, 9.017954203, 0.218571975, 0.080543327, 0.02883995, 0.246117172, 0.290381075, 2.904052286, 14.39405219, 0.03213215, 0.273934263], [0.47433361, 3.83e-06, 0.29004298, 3.881488809, 0.32, 0.264148929, 0.347302791, 0.227707997, 0.0, 0.129223639, 1.331291619, 2.646847965, 0.195750632, 2.559587177, 15.30009662, 0.283807672, 1.5269642, 0.07312793, 4.98e-05, 0.012416222], [0.023116952, 0.005613627, 0.005730682, 0.016499536, 2.986800036, 0.006516229, 0.321611694, 3.512072282, 0.129223639, 0.0, 6.746936485, 0.000836, 0.634308521, 1.020366955, 0.296045557, 0.570766693, 0.044926357, 0.890598579, 0.431277663, 0.340058468], [0.058745423, 0.11145731, 0.041762964, 0.313974351, 0.279910509, 0.001500467, 0.001273509, 9.017954203, 1.331291619, 6.746936485, 0.0, 0.005251688, 0.0569, 0.190259181, 0.890162346, 0.007026588, 2.031511321, 4.904842235, 0.070460039, 0.874272175], [0.053366579, 1.3e-05, 7.737392871, 0.061652192, 0.000836, 0.322524648, 1.387096032, 0.218571975, 2.646847965, 0.000836, 0.005251688, 0.0, 0.0364, 0.530642655, 0.161000889, 3.881310531, 2.140332316, 0.010257517, 0.000536, 0.373101927], [0.659311478, 0.0, 0.188539456, 0.319558828, 0.00713243, 0.038631761, 0.924466914, 0.080543327, 0.195750632, 0.634308521, 0.0569, 0.0364, 0.0, 0.712769599, 0.15402718, 2.087385344, 0.542251094, 0.058971975, 0.000431021, 0.000182], [0.353753982, 0.002547334, 0.145469388, 1.195629122, 0.032680657, 0.108051341, 5.330313412, 0.02883995, 2.559587177, 1.020366955, 0.190259181, 0.530642655, 0.712769599, 0.0, 3.292716942, 0.487822499, 0.602340963, 0.406697814, 0.044, 0.072205935], [0.138658765, 0.167207008, 0.006771843, 0.124897617, 0.0161, 1.190624465, 1.879569938, 0.246117172, 15.30009662, 0.296045557, 0.890162346, 0.161000889, 0.15402718, 3.292716942, 0.0, 0.95013841, 0.183076905, 0.103964386, 1.369429408, 0.099855497], [3.011344519, 0.336263345, 0.338372183, 0.307140298, 0.99668567, 1.585646577, 0.58070425, 0.290381075, 0.283807672, 0.570766693, 0.007026588, 3.881310531, 2.087385344, 0.487822499, 0.95013841, 0.0, 2.206859934, 0.088256423, 0.099835753, 0.39255224], [5.418298175, 0.011975266, 0.135481233, 0.280124895, 0.000134906, 0.01880803, 0.368713573, 2.904052286, 1.5269642, 0.044926357, 2.031511321, 2.140332316, 0.542251094, 0.602340963, 0.183076905, 2.206859934, 0.0, 0.654109108, 0.207066206, 0.12489802], [3.53200527, 0.054904564, 0.297123975, 0.285047948, 0.592587985, 0.337229619, 0.098631355, 14.39405219, 0.07312793, 0.890598579, 4.904842235, 0.010257517, 0.058971975, 0.406697814, 0.103964386, 0.088256423, 0.654109108, 0.0, 0.256900461, 0.167581647], [0.196, 0.09410668, 1.49e-05, 0.155245492, 0.814753094, 0.196486447, 0.0224, 0.03213215, 4.98e-05, 0.431277663, 0.070460039, 0.000536, 0.000431021, 0.044, 1.369429408, 0.099835753, 0.207066206, 0.256900461, 0.0, 0.42775543], [0.018289288, 0.601692431, 0.525398543, 0.10409287, 5.393924245, 0.074814997, 6.448954446, 0.273934263, 0.012416222, 0.340058468, 0.874272175, 0.373101927, 0.000182, 0.072205935, 0.099855497, 0.39255224, 0.12489802, 0.167581647, 0.42775543, 0.0]]


hivb_freqs = [0.060490222, 0.020075899, 0.042109048, 0.071567447, 0.028809447, 0.072308239, 0.022293943, 0.069730629, 0.056968211, 0.098851122, 0.019768318, 0.044127815, 0.046025282, 0.053606488, 0.066039665, 0.05060433, 0.053636813, 0.061625237, 0.033011601, 0.028350243]
hivb_matrix = [[0.0, 0.123758, 1.45504, 1.48135, 0.0141269, 2.13536, 0.0847613, 0.005, 0.005, 0.215256, 0.0186643, 0.005, 2.12217, 0.0551128, 0.307507, 2.46633, 15.9183, 7.61428, 0.005, 0.005], [0.123758, 0.0, 0.005, 0.005, 9.29815, 0.897871, 0.240073, 0.005, 0.005, 0.129777, 0.005, 0.0860642, 0.005, 0.005, 0.351721, 4.69314, 0.739969, 0.420027, 2.63277, 7.57932], [1.45504, 0.005, 0.0, 10.5872, 0.005, 2.83806, 1.9169, 0.0176792, 0.005, 0.00876048, 0.005, 17.6612, 0.0342658, 0.005, 0.005, 0.52823, 0.274724, 1.04793, 0.005, 0.674653], [1.48135, 0.005, 10.5872, 0.0, 0.005, 3.92775, 0.11974, 0.00609079, 4.61482, 0.005, 0.175789, 0.0792633, 0.0120226, 2.5602, 0.0749218, 0.005, 0.289774, 1.02847, 0.005, 0.0792633], [0.0141269, 9.29815, 0.005, 0.005, 0.0, 0.291561, 0.145558, 3.39836, 0.0342658, 8.52484, 0.188025, 0.005, 0.005, 0.005, 0.005, 0.956472, 0.0141269, 0.723274, 0.829343, 15.34], [2.13536, 0.897871, 2.83806, 3.92775, 0.291561, 0.0, 0.005, 0.005, 0.521705, 0.005, 0.005, 0.323401, 0.005, 0.0619137, 3.65345, 4.38041, 0.369615, 0.953155, 1.21674, 0.005], [0.0847613, 0.240073, 1.9169, 0.11974, 0.145558, 0.005, 0.0, 0.103111, 0.005, 1.74171, 0.005, 7.64585, 2.45318, 7.05545, 9.04044, 0.382747, 0.711594, 0.005, 0.0695179, 18.6943], [0.005, 0.005, 0.0176792, 0.00609079, 3.39836, 0.005, 0.103111, 0.0, 0.322319, 5.95879, 11.2065, 0.680565, 0.0410593, 0.005, 0.677289, 1.21803, 8.61217, 17.7389, 0.005, 0.148168], [0.005, 0.005, 0.005, 4.61482, 0.0342658, 0.521705, 0.005, 0.322319, 0.0, 0.0814995, 1.28246, 7.90443, 0.0313862, 6.54737, 20.45, 0.504111, 4.67142, 0.265829, 0.005, 0.005], [0.215256, 0.129777, 0.00876048, 0.005, 8.52484, 0.005, 1.74171, 5.95879, 0.0814995, 0.0, 5.31961, 0.005, 2.07757, 1.49456, 0.701427, 0.927656, 0.0437673, 1.41036, 0.748843, 0.111986], [0.0186643, 0.005, 0.005, 0.175789, 0.188025, 0.005, 0.005, 11.2065, 1.28246, 5.31961, 0.0, 0.005, 0.005, 0.303676, 2.51394, 0.005, 4.94026, 6.8532, 0.089078, 0.005], [0.005, 0.0860642, 17.6612, 0.0792633, 0.005, 0.323401, 7.64585, 0.680565, 7.90443, 0.005, 0.005, 0.0, 0.00739578, 0.672052, 0.295543, 13.1447, 6.88667, 0.026656, 0.005, 1.76417], [2.12217, 0.005, 0.0342658, 0.0120226, 0.005, 0.005, 2.45318, 0.0410593, 0.0313862, 2.07757, 0.005, 0.00739578, 0.0, 4.47211, 1.28355, 5.37762, 2.01417, 0.005, 0.0444506, 0.0304381], [0.0551128, 0.005, 0.005, 2.5602, 0.005, 0.0619137, 7.05545, 0.005, 6.54737, 1.49456, 0.303676, 0.672052, 4.47211, 0.0, 3.4215, 0.116311, 0.243589, 0.0209153, 0.026656, 0.113033], [0.307507, 0.351721, 0.005, 0.0749218, 0.005, 3.65345, 9.04044, 0.677289, 20.45, 0.701427, 2.51394, 0.295543, 1.28355, 3.4215, 0.0, 3.4791, 2.86868, 0.0812454, 0.991338, 0.00991826], [2.46633, 4.69314, 0.52823, 0.005, 0.956472, 4.38041, 0.382747, 1.21803, 0.504111, 0.927656, 0.005, 13.1447, 5.37762, 0.116311, 3.4791, 0.0, 8.93107, 0.0749218, 0.0248728, 0.648024], [15.9183, 0.739969, 0.274724, 0.289774, 0.0141269, 0.369615, 0.711594, 8.61217, 4.67142, 0.0437673, 4.94026, 6.88667, 2.01417, 0.243589, 2.86868, 8.93107, 0.0, 0.709226, 0.005, 0.105652], [7.61428, 0.420027, 1.04793, 1.02847, 0.723274, 0.953155, 0.005, 17.7389, 0.265829, 1.41036, 6.8532, 0.026656, 0.005, 0.0209153, 0.0812454, 0.0749218, 0.709226, 0.0, 0.005, 0.0410593], [0.005, 2.63277, 0.005, 0.005, 0.829343, 1.21674, 0.0695179, 0.005, 0.005, 0.748843, 0.089078, 0.005, 0.0444506, 0.026656, 0.991338, 0.0248728, 0.005, 0.005, 0.0, 1.28022], [0.005, 7.57932, 0.674653, 0.0792633, 15.34, 0.005, 18.6943, 0.148168, 0.005, 0.111986, 0.005, 1.76417, 0.0304381, 0.113033, 0.00991826, 0.648024, 0.105652, 0.0410593, 1.28022, 0.0]]


hivw_freqs = [0.0377494, 0.0240105, 0.0342034, 0.0618606, 0.0422741, 0.0838496, 0.0156076, 0.0983641, 0.0641682, 0.0577867, 0.0158419, 0.0891129, 0.0458601, 0.0437824, 0.057321, 0.0550846, 0.0813774, 0.0515638, 0.019597, 0.0205847]
hivw_matrix = [[0.0, 0.167653, 4.43521, 5.56325, 0.597923, 1.8685, 0.005, 0.005, 0.592784, 0.16024, 0.005, 0.617509, 1.00981, 0.005, 0.0744808, 8.5942, 24.1422, 24.8094, 0.005, 0.005], [0.167653, 0.0, 0.005, 0.005, 0.362959, 0.0489798, 0.005, 0.005, 0.005, 0.005, 0.005, 0.0604932, 0.005, 0.005, 2.86364, 1.12195, 0.005, 0.005, 5.49894, 8.34835], [4.43521, 0.005, 0.0, 12.1233, 0.005, 10.3969, 2.31779, 0.145124, 0.894313, 0.005, 0.005, 29.4087, 0.005, 0.005, 0.0674539, 0.427881, 0.630395, 2.91786, 0.005, 2.28154], [5.56325, 0.005, 12.1233, 0.0, 0.005, 14.7801, 0.005, 0.0390512, 23.9626, 0.129839, 0.005, 0.201526, 0.005, 3.20656, 0.0251632, 0.005, 0.458743, 2.19952, 0.005, 0.005], [0.597923, 0.362959, 0.005, 0.005, 0.0, 0.005, 0.005, 1.48288, 0.005, 7.48781, 0.005, 0.005, 0.0342252, 0.005, 0.005, 4.27939, 0.114512, 2.28, 0.005, 4.12728], [1.8685, 0.0489798, 10.3969, 14.7801, 0.005, 0.0, 0.005, 0.005, 0.279425, 0.0489798, 0.0489798, 0.0604932, 0.005, 0.0604932, 13.4379, 6.27966, 0.0489798, 2.79622, 2.8258, 0.005], [0.005, 0.005, 2.31779, 0.005, 0.005, 0.005, 0.0, 0.005, 0.22406, 1.76382, 0.005, 8.59876, 13.9444, 18.5465, 6.84405, 0.725157, 0.95956, 0.827479, 0.005, 47.4889], [0.005, 0.005, 0.145124, 0.0390512, 1.48288, 0.005, 0.005, 0.0, 0.817481, 9.10246, 17.3064, 0.987028, 0.005, 0.0342252, 1.34069, 0.740091, 9.36345, 24.8231, 0.005, 0.114512], [0.592784, 0.005, 0.894313, 23.9626, 0.005, 0.279425, 0.22406, 0.817481, 0.0, 0.005, 4.09564, 10.6655, 0.111928, 13.0705, 39.8897, 0.005, 4.04802, 0.128065, 0.005, 0.005], [0.16024, 0.005, 0.005, 0.129839, 7.48781, 0.0489798, 1.76382, 9.10246, 0.005, 0.0, 11.3839, 0.005, 9.83095, 2.89048, 0.586757, 6.14396, 0.005, 2.95344, 1.37031, 0.005], [0.005, 0.005, 0.005, 0.005, 0.005, 0.0489798, 0.005, 17.3064, 4.09564, 11.3839, 0.0, 0.201526, 0.005, 0.005, 3.28652, 0.392575, 7.41313, 14.7683, 0.005, 0.579198], [0.617509, 0.0604932, 29.4087, 0.201526, 0.005, 0.0604932, 8.59876, 0.987028, 10.6655, 0.005, 0.201526, 0.0, 0.344848, 0.342068, 0.16024, 14.5699, 4.54206, 0.0744808, 0.005, 5.06475], [1.00981, 0.005, 0.005, 0.005, 0.0342252, 0.005, 13.9444, 0.005, 0.111928, 9.83095, 0.005, 0.344848, 0.0, 3.04502, 0.404723, 14.249, 4.33701, 0.005, 0.005, 0.005], [0.005, 0.005, 0.005, 3.20656, 0.005, 0.0604932, 18.5465, 0.0342252, 13.0705, 2.89048, 0.005, 0.342068, 3.04502, 0.0, 10.6746, 0.16024, 0.203091, 0.005, 0.0443298, 0.005], [0.0744808, 2.86364, 0.0674539, 0.0251632, 0.005, 13.4379, 6.84405, 1.34069, 39.8897, 0.586757, 3.28652, 0.16024, 0.404723, 10.6746, 0.0, 8.35024, 0.928203, 0.279425, 5.96564, 0.005], [8.5942, 1.12195, 0.427881, 0.005, 4.27939, 6.27966, 0.725157, 0.740091, 0.005, 6.14396, 0.392575, 14.5699, 14.249, 0.16024, 8.35024, 0.0, 6.34079, 0.862637, 1.10156, 0.933142], [24.1422, 0.005, 0.630395, 0.458743, 0.114512, 0.0489798, 0.95956, 9.36345, 4.04802, 0.005, 7.41313, 4.54206, 4.33701, 0.203091, 0.928203, 6.34079, 0.0, 0.005, 0.005, 0.490608], [24.8094, 0.005, 2.91786, 2.19952, 2.28, 2.79622, 0.827479, 24.8231, 0.128065, 2.95344, 14.7683, 0.0744808, 0.005, 0.005, 0.279425, 0.862637, 0.005, 0.0, 0.005, 1.35482], [0.005, 5.49894, 0.005, 0.005, 0.005, 2.8258, 0.005, 0.005, 0.005, 1.37031, 0.005, 0.005, 0.005, 0.0443298, 5.96564, 1.10156, 0.005, 0.005, 0.0, 0.005], [0.005, 8.34835, 2.28154, 0.005, 4.12728, 0.005, 47.4889, 0.114512, 0.005, 0.005, 0.579198, 5.06475, 0.005, 0.005, 0.005, 0.933142, 0.490608, 1.35482, 0.005, 0.0]]


jtt_freqs = [0.07674791846504161, 0.019802979603940406, 0.05154394896912101, 0.06182993876340122, 0.04012595919748081, 0.07315192853696142, 0.022943979541120405, 0.05376094892478102, 0.05867593882648122, 0.09190390816192183, 0.02382597952348041, 0.042644959147100814, 0.05090094898198102, 0.04075195918496081, 0.05169094896618102, 0.06876492862470142, 0.05856493882870122, 0.06600492867990142, 0.014260989714780204, 0.032101969357960614]
jtt_matrix = [[0.0, 56.0, 81.0, 105.0, 15.0, 179.0, 27.0, 36.0, 35.0, 30.0, 54.0, 54.0, 194.0, 57.0, 58.0, 378.0, 475.0, 298.0, 9.0, 11.0], [56.0, 0.0, 10.0, 5.0, 78.0, 59.0, 69.0, 17.0, 7.0, 23.0, 31.0, 34.0, 14.0, 9.0, 113.0, 223.0, 42.0, 62.0, 115.0, 209.0], [81.0, 10.0, 0.0, 767.0, 4.0, 130.0, 112.0, 11.0, 26.0, 7.0, 15.0, 528.0, 15.0, 49.0, 16.0, 59.0, 38.0, 31.0, 4.0, 46.0], [105.0, 5.0, 767.0, 0.0, 5.0, 119.0, 26.0, 12.0, 181.0, 9.0, 18.0, 58.0, 18.0, 323.0, 29.0, 30.0, 32.0, 45.0, 10.0, 7.0], [15.0, 78.0, 4.0, 5.0, 0.0, 5.0, 40.0, 89.0, 4.0, 248.0, 43.0, 10.0, 17.0, 4.0, 5.0, 92.0, 12.0, 62.0, 53.0, 536.0], [179.0, 59.0, 130.0, 119.0, 5.0, 0.0, 23.0, 6.0, 27.0, 6.0, 14.0, 81.0, 24.0, 26.0, 137.0, 201.0, 33.0, 47.0, 55.0, 8.0], [27.0, 69.0, 112.0, 26.0, 40.0, 23.0, 0.0, 16.0, 45.0, 56.0, 33.0, 391.0, 115.0, 597.0, 328.0, 73.0, 46.0, 11.0, 8.0, 573.0], [36.0, 17.0, 11.0, 12.0, 89.0, 6.0, 16.0, 0.0, 21.0, 229.0, 479.0, 47.0, 10.0, 9.0, 22.0, 40.0, 245.0, 961.0, 9.0, 32.0], [35.0, 7.0, 26.0, 181.0, 4.0, 27.0, 45.0, 21.0, 0.0, 14.0, 65.0, 263.0, 21.0, 292.0, 646.0, 47.0, 103.0, 14.0, 10.0, 8.0], [30.0, 23.0, 7.0, 9.0, 248.0, 6.0, 56.0, 229.0, 14.0, 0.0, 388.0, 12.0, 102.0, 72.0, 38.0, 59.0, 25.0, 180.0, 52.0, 24.0], [54.0, 31.0, 15.0, 18.0, 43.0, 14.0, 33.0, 479.0, 65.0, 388.0, 0.0, 30.0, 16.0, 43.0, 44.0, 29.0, 226.0, 323.0, 24.0, 18.0], [54.0, 34.0, 528.0, 58.0, 10.0, 81.0, 391.0, 47.0, 263.0, 12.0, 30.0, 0.0, 15.0, 86.0, 45.0, 503.0, 232.0, 16.0, 8.0, 70.0], [194.0, 14.0, 15.0, 18.0, 17.0, 24.0, 115.0, 10.0, 21.0, 102.0, 16.0, 15.0, 0.0, 164.0, 74.0, 285.0, 118.0, 23.0, 6.0, 10.0], [57.0, 9.0, 49.0, 323.0, 4.0, 26.0, 597.0, 9.0, 292.0, 72.0, 43.0, 86.0, 164.0, 0.0, 310.0, 53.0, 51.0, 20.0, 18.0, 24.0], [58.0, 113.0, 16.0, 29.0, 5.0, 137.0, 328.0, 22.0, 646.0, 38.0, 44.0, 45.0, 74.0, 310.0, 0.0, 101.0, 64.0, 17.0, 126.0, 20.0], [378.0, 223.0, 59.0, 30.0, 92.0, 201.0, 73.0, 40.0, 47.0, 59.0, 29.0, 503.0, 285.0, 53.0, 101.0, 0.0, 477.0, 38.0, 35.0, 63.0], [475.0, 42.0, 38.0, 32.0, 12.0, 33.0, 46.0, 245.0, 103.0, 25.0, 226.0, 232.0, 118.0, 51.0, 64.0, 477.0, 0.0, 112.0, 12.0, 21.0], [298.0, 62.0, 31.0, 45.0, 62.0, 47.0, 11.0, 961.0, 14.0, 180.0, 323.0, 16.0, 23.0, 20.0, 17.0, 38.0, 112.0, 0.0, 25.0, 16.0], [9.0, 115.0, 4.0, 10.0, 53.0, 55.0, 8.0, 9.0, 10.0, 52.0, 24.0, 8.0, 6.0, 18.0, 126.0, 35.0, 12.0, 25.0, 0.0, 71.0], [11.0, 209.0, 46.0, 7.0, 536.0, 8.0, 573.0, 32.0, 8.0, 24.0, 18.0, 70.0, 10.0, 24.0, 20.0, 63.0, 21.0, 16.0, 71.0, 0.0]]


jttdcmut_freqs = [0.07686192313807685, 0.020278979721020274, 0.05126894873105126, 0.06181993818006181, 0.04052995947004052, 0.0747139252860747, 0.02298297701702298, 0.05256894743105256, 0.05949794050205949, 0.0911109088890911, 0.02341397658602341, 0.04254595745404254, 0.05053194946805053, 0.041060958939041055, 0.051056948943051045, 0.0682249317750682, 0.05851794148205851, 0.06637393362606636, 0.014335985664014334, 0.032302967697032295]
jttdcmut_matrix = [[0.0, 0.574478, 0.827445, 1.066681, 0.138293, 1.740159, 0.21997, 0.361684, 0.369437, 0.310007, 0.469395, 0.557967, 1.959599, 0.556725, 0.531678, 3.887095, 4.582565, 2.924161, 0.084329, 0.139492], [0.574478, 0.0, 0.105625, 0.053907, 0.678335, 0.546389, 0.724998, 0.150559, 0.049009, 0.164593, 0.409202, 0.313311, 0.123653, 0.091304, 1.019843, 2.155331, 0.469823, 0.621323, 1.104181, 2.114852], [0.827445, 0.105625, 0.0, 7.766557, 0.032522, 1.272434, 1.032342, 0.115968, 0.282466, 0.061486, 0.190001, 5.54953, 0.127164, 0.521646, 0.154899, 0.589268, 0.425159, 0.315261, 0.057466, 0.453952], [1.066681, 0.053907, 7.766557, 0.0, 0.043829, 1.115632, 0.243768, 0.111773, 1.731684, 0.097485, 0.175084, 0.578115, 0.191994, 3.417706, 0.318483, 0.312449, 0.331584, 0.465271, 0.114381, 0.063452], [0.138293, 0.678335, 0.032522, 0.043829, 0.0, 0.050212, 0.453428, 0.77709, 0.024521, 2.500294, 0.436181, 0.073481, 0.148483, 0.045683, 0.065314, 0.943971, 0.138904, 0.593478, 0.537922, 5.484236], [1.740159, 0.546389, 1.272434, 1.115632, 0.050212, 0.0, 0.201696, 0.053769, 0.26984, 0.069492, 0.130379, 0.773313, 0.208081, 0.231294, 1.359652, 1.874296, 0.316862, 0.47014, 0.54418, 0.0525], [0.21997, 0.724998, 1.032342, 0.243768, 0.453428, 0.201696, 0.0, 0.181788, 0.525096, 0.540571, 0.32966, 4.025778, 1.141961, 5.68408, 3.210671, 0.743458, 0.477355, 0.121827, 0.128193, 5.8484], [0.361684, 0.150559, 0.115968, 0.111773, 0.77709, 0.053769, 0.181788, 0.0, 0.202562, 2.335139, 4.831666, 0.491003, 0.09858, 0.07827, 0.239195, 0.405119, 2.553806, 9.533943, 0.13451, 0.303445], [0.369437, 0.049009, 0.282466, 1.731684, 0.024521, 0.26984, 0.525096, 0.202562, 0.0, 0.146481, 0.624581, 2.529517, 0.216345, 2.966732, 6.529255, 0.474478, 0.965641, 0.124066, 0.089134, 0.087904], [0.310007, 0.164593, 0.061486, 0.097485, 2.500294, 0.069492, 0.540571, 2.335139, 0.146481, 0.0, 3.856906, 0.137289, 1.060504, 0.709004, 0.372261, 0.592511, 0.272514, 1.761439, 0.530324, 0.241094], [0.469395, 0.409202, 0.190001, 0.175084, 0.436181, 0.130379, 0.32966, 4.831666, 0.624581, 3.856906, 0.0, 0.33072, 0.164215, 0.456901, 0.431045, 0.285564, 2.114728, 3.038533, 0.201334, 0.18987], [0.557967, 0.313311, 5.54953, 0.578115, 0.073481, 0.773313, 4.025778, 0.491003, 2.529517, 0.137289, 0.33072, 0.0, 0.121804, 0.768834, 0.451095, 5.057964, 2.351311, 0.164525, 0.0277, 0.700693], [1.959599, 0.123653, 0.127164, 0.191994, 0.148483, 0.208081, 1.141961, 0.09858, 0.216345, 1.060504, 0.164215, 0.121804, 0.0, 1.608126, 0.710489, 2.788406, 1.176961, 0.211561, 0.069965, 0.11385], [0.556725, 0.091304, 0.521646, 3.417706, 0.045683, 0.231294, 5.68408, 0.07827, 2.966732, 0.709004, 0.456901, 0.768834, 1.608126, 0.0, 3.021995, 0.548807, 0.523825, 0.179771, 0.172206, 0.254745], [0.531678, 1.019843, 0.154899, 0.318483, 0.065314, 1.359652, 3.210671, 0.239195, 6.529255, 0.372261, 0.431045, 0.451095, 0.710489, 3.021995, 0.0, 1.001551, 0.650282, 0.171995, 1.257961, 0.235601], [3.887095, 2.155331, 0.589268, 0.312449, 0.943971, 1.874296, 0.743458, 0.405119, 0.474478, 0.592511, 0.285564, 5.057964, 2.788406, 0.548807, 1.001551, 0.0, 4.777647, 0.408532, 0.310927, 0.628608], [4.582565, 0.469823, 0.425159, 0.331584, 0.138904, 0.316862, 0.477355, 2.553806, 0.965641, 0.272514, 2.114728, 2.351311, 1.176961, 0.523825, 0.650282, 4.777647, 0.0, 1.14398, 0.080556, 0.201094], [2.924161, 0.621323, 0.315261, 0.465271, 0.593478, 0.47014, 0.121827, 9.533943, 0.124066, 1.761439, 3.038533, 0.164525, 0.211561, 0.179771, 0.171995, 0.408532, 1.14398, 0.0, 0.239697, 0.165473], [0.084329, 1.104181, 0.057466, 0.114381, 0.537922, 0.54418, 0.128193, 0.13451, 0.089134, 0.530324, 0.201334, 0.0277, 0.069965, 0.172206, 1.257961, 0.310927, 0.080556, 0.239697, 0.0, 0.747889], [0.139492, 2.114852, 0.453952, 0.063452, 5.484236, 0.0525, 5.8484, 0.303445, 0.087904, 0.241094, 0.18987, 0.700693, 0.11385, 0.254745, 0.235601, 0.628608, 0.201094, 0.165473, 0.747889, 0.0]]


lg_freqs = [0.07906592093407908, 0.012936987063012939, 0.053051946948053055, 0.07158592841407159, 0.042301957698042306, 0.05733694266305734, 0.022354977645022357, 0.06215693784306216, 0.0645999354000646, 0.09908090091909909, 0.022950977049022953, 0.04197695802304198, 0.04403995596004404, 0.040766959233040766, 0.05594094405905594, 0.0611969388030612, 0.05328694671305329, 0.06914693085306915, 0.012065987934012068, 0.034154965845034156]
