0.000000000000000000e+00 5.744780000000000442e-01 8.274449999999999861e-01 1.066680999999999990e+00 1.382929999999999993e-01 1.740159000000000011e+00 2.199699999999999989e-01 3.616840000000000055e-01 3.694370000000000154e-01 3.100069999999999770e-01 4.693950000000000067e-01 5.579669999999999908e-01 1.959599000000000091e+00 5.567250000000000254e-01 5.316779999999999839e-01 3.887094999999999967e+00 4.582564999999999777e+00 2.924160999999999788e+00 8.432900000000000118e-02 1.394920000000000049e-01
5.744780000000000442e-01 0.000000000000000000e+00 1.056249999999999967e-01 5.390699999999999659e-02 6.783350000000000213e-01 5.463890000000000136e-01 7.249980000000000313e-01 1.505589999999999984e-01 4.900899999999999701e-02 1.645929999999999893e-01 4.092020000000000102e-01 3.133110000000000062e-01 1.236529999999999990e-01 9.130399999999999627e-02 1.019843000000000055e+00 2.155330999999999886e+00 4.698229999999999906e-01 6.213229999999999587e-01 1.104181000000000079e+00 2.114851999999999954e+00
8.274449999999999861e-01 1.056249999999999967e-01 0.000000000000000000e+00 7.766556999999999711e+00 3.252200000000000230e-02 1.272434000000000065e+00 1.032342000000000093e+00 1.159680000000000016e-01 2.824659999999999949e-01 6.148599999999999899e-02 1.900010000000000032e-01 5.549529999999999852e+00 1.271639999999999993e-01 5.216460000000000541e-01 1.548990000000000089e-01 5.892680000000000140e-01 4.251590000000000091e-01 3.152610000000000134e-01 5.746600000000000319e-02 4.539520000000000222e-01
1.066680999999999990e+00 5.390699999999999659e-02 7.766556999999999711e+00 0.000000000000000000e+00 4.382899999999999990e-02 1.115631999999999957e+00 2.437680000000000125e-01 1.117729999999999974e-01 1.731684000000000001e+00 9.748500000000000221e-02 1.750839999999999896e-01 5.781150000000000455e-01 1.919939999999999980e-01 3.417705999999999911e+00 3.184830000000000161e-01 3.124489999999999768e-01 3.315839999999999899e-01 4.652709999999999901e-01 1.143809999999999966e-01 6.345199999999999452e-02
1.382929999999999993e-01 6.783350000000000213e-01 3.252200000000000230e-02 4.382899999999999990e-02 0.000000000000000000e+00 5.021199999999999969e-02 4.534279999999999977e-01 7.770899999999999475e-01 2.452100000000000113e-02 2.500293999999999794e+00 4.361809999999999854e-01 7.348100000000000465e-02 1.484830000000000039e-01 4.568300000000000138e-02 6.531399999999999706e-02 9.439710000000000045e-01 1.389039999999999997e-01 5.934779999999999500e-01 5.379220000000000113e-01 5.484236000000000111e+00
1.740159000000000011e+00 5.463890000000000136e-01 1.272434000000000065e+00 1.115631999999999957e+00 5.021199999999999969e-02 0.000000000000000000e+00 2.016959999999999864e-01 5.376899999999999735e-02 2.698400000000000243e-01 6.949199999999999822e-02 1.303789999999999949e-01 7.733130000000000281e-01 2.080809999999999882e-01 2.312939999999999996e-01 1.359652000000000083e+00 1.874295999999999962e+00 3.168619999999999770e-01 4.701400000000000023e-01 5.441799999999999971e-01 5.249999999999999806e-02
2.199699999999999989e-01 7.249980000000000313e-01 1.032342000000000093e+00 2.437680000000000125e-01 4.534279999999999977e-01 2.016959999999999864e-01 0.000000000000000000e+00 1.817880000000000051e-01 5.250960000000000072e-01 5.405710000000000237e-01 3.296600000000000086e-01 4.025777999999999857e+00 1.141961000000000004e+00 5.684079999999999799e+00 3.210671000000000053e+00 7.434579999999999522e-01 4.773549999999999738e-01 1.218270000000000047e-01 1.281930000000000014e-01 5.848399999999999821e+00
3.616840000000000055e-01 1.505589999999999984e-01 1.159680000000000016e-01 1.117729999999999974e-01 7.770899999999999475e-01 5.376899999999999735e-02 1.817880000000000051e-01 0.000000000000000000e+00 2.025619999999999921e-01 2.335138999999999854e+00 4.831666000000000238e+00 4.910030000000000228e-01 9.858000000000000096e-02 7.827000000000000624e-02 2.391949999999999910e-01 4.051190000000000069e-01 2.553805999999999798e+00 9.533943000000000723e+00 1.345099999999999907e-01 3.034450000000000203e-01
3.694370000000000154e-01 4.900899999999999701e-02 2.824659999999999949e-01 1.731684000000000001e+00 2.452100000000000113e-02 2.698400000000000243e-01 5.250960000000000072e-01 2.025619999999999921e-01 0.000000000000000000e+00 1.464810000000000001e-01 6.245810000000000528e-01 2.529516999999999793e+00 2.163450000000000095e-01 2.966731999999999925e+00 6.529255000000000031e+00 4.744780000000000109e-01 9.656409999999999716e-01 1.240659999999999957e-01 8.913400000000000489e-02 8.790399999999999603e-02
3.100069999999999770e-01 1.645929999999999893e-01 6.148599999999999899e-02 9.748500000000000221e-02 2.500293999999999794e+00 6.949199999999999822e-02 5.405710000000000237e-01 2.335138999999999854e+00 1.464810000000000001e-01 0.000000000000000000e+00 3.856905999999999946e+00 1.372889999999999944e-01 1.060503999999999891e+00 7.090039999999999676e-01 3.722610000000000086e-01 5.925110000000000099e-01 2.725139999999999785e-01 1.761438999999999977e+00 5.303240000000000176e-01 2.410940000000000027e-01
4.693950000000000067e-01 4.092020000000000102e-01 1.900010000000000032e-01 1.750839999999999896e-01 4.361809999999999854e-01 1.303789999999999949e-01 3.296600000000000086e-01 4.831666000000000238e+00 6.245810000000000528e-01 3.856905999999999946e+00 0.000000000000000000e+00 3.307200000000000140e-01 1.642149999999999999e-01 4.569010000000000016e-01 4.310450000000000115e-01 2.855639999999999845e-01 2.114727999999999941e+00 3.038533000000000150e+00 2.013340000000000130e-01 1.898700000000000110e-01
5.579669999999999908e-01 3.133110000000000062e-01 5.549529999999999852e+00 5.781150000000000455e-01 7.348100000000000465e-02 7.733130000000000281e-01 4.025777999999999857e+00 4.910030000000000228e-01 2.529516999999999793e+00 1.372889999999999944e-01 3.307200000000000140e-01 0.000000000000000000e+00 1.218039999999999956e-01 7.688340000000000174e-01 4.510950000000000237e-01 5.057964000000000127e+00 2.351310999999999929e+00 1.645250000000000046e-01 2.769999999999999893e-02 7.006930000000000103e-01
1.959599000000000091e+00 1.236529999999999990e-01 1.271639999999999993e-01 1.919939999999999980e-01 1.484830000000000039e-01 2.080809999999999882e-01 1.141961000000000004e+00 9.858000000000000096e-02 2.163450000000000095e-01 1.060503999999999891e+00 1.642149999999999999e-01 1.218039999999999956e-01 0.000000000000000000e+00 1.608125999999999944e+00 7.104890000000000372e-01 2.788406000000000162e+00 1.176960999999999924e+00 2.115609999999999991e-01 6.996499999999999941e-02 1.138500000000000068e-01
5.567250000000000254e-01 9.130399999999999627e-02 5.216460000000000541e-01 3.417705999999999911e+00 4.568300000000000138e-02 2.312939999999999996e-01 5.684079999999999799e+00 7.827000000000000624e-02 2.966731999999999925e+00 7.090039999999999676e-01 4.569010000000000016e-01 7.688340000000000174e-01 1.608125999999999944e+00 0.000000000000000000e+00 3.021994999999999987e+00 5.488070000000000448e-01 5.238249999999999851e-01 1.797709999999999864e-01 1.722059999999999980e-01 2.547449999999999992e-01
5.316779999999999839e-01 1.019843000000000055e+00 1.548990000000000089e-01 3.184830000000000161e-01 6.531399999999999706e-02 1.359652000000000083e+00 3.210671000000000053e+00 2.391949999999999910e-01 6.529255000000000031e+00 3.722610000000000086e-01 4.310450000000000115e-01 4.510950000000000237e-01 7.104890000000000372e-01 3.021994999999999987e+00 0.000000000000000000e+00 1.001551000000000080e+00 6.502820000000000267e-01 1.719950000000000090e-01 1.257961000000000107e+00 2.356010000000000049e-01
3.887094999999999967e+00 2.155330999999999886e+00 5.892680000000000140e-01 3.124489999999999768e-01 9.439710000000000045e-01 1.874295999999999962e+00 7.434579999999999522e-01 4.051190000000000069e-01 4.744780000000000109e-01 5.925110000000000099e-01 2.855639999999999845e-01 5.057964000000000127e+00 2.788406000000000162e+00 5.488070000000000448e-01 1.001551000000000080e+00 0.000000000000000000e+00 4.777646999999999977e+00 4.085320000000000062e-01 3.109270000000000089e-01 6.286079999999999446e-01
4.582564999999999777e+00 4.698229999999999906e-01 4.251590000000000091e-01 3.315839999999999899e-01 1.389039999999999997e-01 3.168619999999999770e-01 4.773549999999999738e-01 2.553805999999999798e+00 9.656409999999999716e-01 2.725139999999999785e-01 2.114727999999999941e+00 2.351310999999999929e+00 1.176960999999999924e+00 5.238249999999999851e-01 6.502820000000000267e-01 4.777646999999999977e+00 0.000000000000000000e+00 1.143979999999999997e+00 8.055600000000000260e-02 2.010939999999999950e-01
2.924160999999999788e+00 6.213229999999999587e-01 3.152610000000000134e-01 4.652709999999999901e-01 5.934779999999999500e-01 4.701400000000000023e-01 1.218270000000000047e-01 9.533943000000000723e+00 1.240659999999999957e-01 1.761438999999999977e+00 3.038533000000000150e+00 1.645250000000000046e-01 2.115609999999999991e-01 1.797709999999999864e-01 1.719950000000000090e-01 4.085320000000000062e-01 1.143979999999999997e+00 0.000000000000000000e+00 2.396969999999999934e-01 1.654730000000000090e-01
8.432900000000000118e-02 1.104181000000000079e+00 5.746600000000000319e-02 1.143809999999999966e-01 5.379220000000000113e-01 5.441799999999999971e-01 1.281930000000000014e-01 1.345099999999999907e-01 8.913400000000000489e-02 5.303240000000000176e-01 2.013340000000000130e-01 2.769999999999999893e-02 6.996499999999999941e-02 1.722059999999999980e-01 1.257961000000000107e+00 3.109270000000000089e-01 8.055600000000000260e-02 2.396969999999999934e-01 0.000000000000000000e+00 7.478890000000000260e-01
1.394920000000000049e-01 2.114851999999999954e+00 4.539520000000000222e-01 6.345199999999999452e-02 5.484236000000000111e+00 5.249999999999999806e-02 5.848399999999999821e+00 3.034450000000000203e-01 8.790399999999999603e-02 2.410940000000000027e-01 1.898700000000000110e-01 7.006930000000000103e-01 1.138500000000000068e-01 2.547449999999999992e-01 2.356010000000000049e-01 6.286079999999999446e-01 2.010939999999999950e-01 1.654730000000000090e-01 7.478890000000000260e-01 0.000000000000000000e+00
